IC=tg  N=64^3  nu=0.001  Z0=0.375   radii (grid cells) [2, 3, 4, 5, 6]   cylinder depth r^2
   t     Z/Z0    max|w|    D(r) for r = [2, 3, 4, 5, 6]                       local exponents alpha(r_i -> r_i+1)          fit alpha
 0.00   1.000     2.00    nan nan nan nan nan      nan   nan   nan   nan    nan   (1s)
 0.10   1.000     1.99    1.22e-03 1.76e-02 nan nan nan     6.59   nan   nan   nan    nan   (62s)
 0.20   1.003     1.98    1.21e-03 1.75e-02 6.20e-02 nan nan     6.59  4.40   nan   nan    5.74   (120s)
 0.30   1.008     1.95    1.19e-03 1.73e-02 6.13e-02 2.01e-01 nan     6.60  4.41  5.33   nan    5.54   (175s)
 0.40   1.014     1.92    1.16e-03 1.69e-02 6.03e-02 1.99e-01 4.78e-01     6.60  4.41  5.34  4.81    5.41   (235s)
 0.50   1.023     1.88    1.14e-03 1.66e-02 5.91e-02 1.95e-01 4.71e-01     6.61  4.42  5.36  4.83    5.42   (291s)
 0.60   1.035     1.83    1.10e-03 1.61e-02 5.76e-02 1.91e-01 4.63e-01     6.61  4.43  5.37  4.85    5.43   (347s)
 0.70   1.048     1.77    1.07e-03 1.56e-02 5.59e-02 1.86e-01 4.53e-01     6.62  4.44  5.39  4.87    5.44   (411s)
 0.80   1.064     1.71    1.03e-03 1.51e-02 5.41e-02 1.81e-01 4.41e-01     6.62  4.44  5.40  4.89    5.45   (479s)
 0.90   1.083     1.64    9.89e-04 1.45e-02 5.22e-02 1.75e-01 4.28e-01     6.63  4.45  5.42  4.91    5.45   (544s)
 1.00   1.104     1.57    9.50e-04 1.40e-02 5.03e-02 1.69e-01 4.15e-01     6.63  4.45  5.43  4.93    5.46   (606s)
