IC=found  N=64^3  nu=0.001  Z0=0.375   radii (grid cells) [2, 3, 4, 5, 6]   cylinder depth r^2
   t     Z/Z0    max|w|    D(r) for r = [2, 3, 4, 5, 6]                       local exponents alpha(r_i -> r_i+1)          fit alpha
 0.00   1.000     7.15    nan nan nan nan nan      nan   nan   nan   nan    nan   (1s)
 0.10   1.048     8.13    2.76e-02 3.14e-01 nan nan nan     6.00   nan   nan   nan    nan   (56s)
 0.20   1.132     9.66    3.52e-02 3.82e-01 1.08e+00 nan nan     5.88  3.63   nan   nan    5.01   (118s)
 0.30   1.251    11.08    4.35e-02 4.60e-01 1.30e+00 3.36e+00 nan     5.82  3.61  4.25   nan    4.70   (174s)
 0.40   1.402    13.19    5.77e-02 5.81e-01 1.66e+00 4.44e+00 8.93e+00     5.69  3.65  4.42  3.83    4.53   (230s)
 0.50   1.583    15.64    7.25e-02 7.10e-01 1.99e+00 5.41e+00 1.09e+01     5.63  3.59  4.47  3.83    4.50   (286s)
 0.60   1.790    17.79    8.73e-02 8.51e-01 2.36e+00 6.50e+00 1.32e+01     5.61  3.54  4.54  3.89    4.51   (342s)
 0.70   2.018    19.22    1.01e-01 9.98e-01 2.75e+00 7.69e+00 1.58e+01     5.65  3.52  4.61  3.96    4.54   (395s)
 0.80   2.261    21.62    1.08e-01 1.03e+00 2.98e+00 8.56e+00 1.74e+01     5.56  3.69  4.73  3.90    4.58   (448s)
 0.90   2.514    22.63    1.20e-01 1.22e+00 3.68e+00 1.04e+01 2.11e+01     5.71  3.85  4.67  3.87    4.66   (504s)
 1.00   2.771    22.38    1.18e-01 1.18e+00 3.54e+00 9.82e+00 1.98e+01     5.68  3.82  4.57  3.85    4.62   (558s)
