IC=tg  N=64^3  nu=0  dt=0.0312
   t     E/E0       Z        S        max|w|   int max|w| dt (BKM)   ||u||_L3 (ESS)   CF: rho(xi,h=dx) in |w|>0.5max   alpha=xi.S.xi there   |high set|
 0.00   1.000000    0.3750   -0.0000     2.000      0.000              0.5482          0.0022                          -0.0000              0.207
 0.50   1.000000    0.3849   +0.0405     1.880      0.980              0.5460          0.0030                          +0.0251              0.287   (11s)
 1.00   1.000000    0.4169   +0.0893     1.577      1.849              0.5403          0.0056                          +0.1429              0.596   (22s)
 1.50   1.000000    0.4769   +0.1536     1.410      2.561              0.5335          0.0079                          +0.1713              0.751   (32s)
 2.00   1.000000    0.5743   +0.2407     1.881      3.376              0.5279          0.0107                          +0.1589              0.646   (43s)
 2.50   1.000000    0.7225   +0.3575     2.624      4.481              0.5246          0.0191                          +0.3442              0.274   (54s)
 3.00   1.000000    0.9386   +0.5174     3.995      6.126              0.5235          0.0292                          +0.4691              0.114   (65s)
 3.50   1.000000    1.2613   +0.8141     6.194      8.701              0.5240          0.0445                          +0.6374              0.047   (75s)
 4.00   1.000000    1.8231   +1.5349    13.685     13.371              0.5269          0.1007                          +1.2928              0.006   (86s)
