IC=abc  N=64^3  nu=0  dt=0.0312
   t     E/E0       Z        S        max|w|   int max|w| dt (BKM)   ||u||_L3 (ESS)   CF: rho(xi,h=dx) in |w|>0.5max   alpha=xi.S.xi there   |high set|
 0.00   1.000000    1.5765   +0.0007     3.145      0.000              1.8066          0.0025                          +0.0007              0.600
 0.50   1.000000    1.6015   +0.1047     3.148      1.523              1.8051          0.0027                          +0.0238              0.613   (11s)
 1.00   1.000000    1.6912   +0.2707     3.921      3.229              1.8047          0.0023                          +0.1154              0.365   (21s)
 1.50   1.000000    1.8998   +0.6039     6.709      5.789              1.8056          0.0029                          +0.5426              0.036   (32s)
 2.00   1.000000    2.3445   +1.2260    12.821     10.544              1.8073          0.0126                          +0.9397              0.005   (42s)
 2.50   1.000000    3.1832   +2.1968    20.621     18.796              1.8088          0.0245                          +0.9585              0.003   (53s)
 3.00   1.000000    4.6412   +3.7485    32.168     31.878              1.8092          0.0507                          +0.9511              0.002   (64s)
 3.50   0.999997    7.1277   +6.4806    41.329     50.766              1.8085          0.0717                          +0.7869              0.003   (75s)
 4.00   0.999979   11.3978   +11.0325    47.185     73.616              1.8071          0.1216                          +0.7315              0.002   (86s)
