dyadic model, J=34 shells (k_max = 2^33), nu=1e-06, CFL 0.050; reliability rule delta > 4/k_max = 4.7e-10
   t        E/E0 - 1        Z = sum k^2 a^2     front shell   delta(t)     div F (Liouville check)
 0.01667   -5.18e-08       2.1053e+00          1        nan     -9.838e+13
 0.06136   -2.06e-07       2.4537e+00          1        1.136e+00     -9.838e+13
 0.10109   -3.69e-07       2.8765e+00          1        8.697e-01     -9.838e+13
 0.16152   -6.83e-07       3.8276e+00          1        6.109e-01     -9.838e+13
 0.20736   -9.98e-07       4.9234e+00          1        4.700e-01     -9.838e+13
 0.25052   -1.38e-06       6.4504e+00          2        3.641e-01     -9.838e+13
 0.30396   -2.05e-06       9.5543e+00          2        2.570e-01     -9.838e+13
 0.35065   -2.93e-06       1.4476e+01          3        1.810e-01     -9.838e+13
 0.40448   -4.62e-06       2.6653e+01          3        1.100e-01     -9.838e+13
 0.45297   -7.65e-06       5.7090e+01          4        6.012e-02     -9.838e+13
 0.50038   -1.55e-05       1.8593e+02          6        2.382e-02     -9.838e+13
 0.55011   -1.02e-04       6.2898e+03          9        1.571e-03     -9.838e+13
 0.60002   -6.62e-02       1.0570e+06         15        4.985e-05     -9.838e+13
 0.65000   -1.48e-01       9.8252e+05         15        5.083e-05     -9.838e+13
 0.70000   -2.23e-01       8.8017e+05         15        5.237e-05     -9.838e+13
 0.75002   -2.89e-01       7.8086e+05         15        5.409e-05     -9.838e+13
 0.80001   -3.48e-01       6.9152e+05         15        5.589e-05     -9.838e+13
 0.85001   -4.00e-01       6.1314e+05         15        5.774e-05     -9.838e+13
 0.90003   -4.46e-01       5.4506e+05         15        5.961e-05     -9.838e+13
 0.95003   -4.88e-01       4.8611e+05         15        6.149e-05     -9.838e+13
 1.00001   -5.24e-01       4.3505e+05         15        6.338e-05     -9.838e+13
 1.05001   -5.57e-01       3.9070e+05         15        6.526e-05     -9.838e+13
 1.10003   -5.87e-01       3.5206e+05         15        6.715e-05     -9.838e+13
 1.15004   -6.14e-01       3.1829e+05         15        6.903e-05     -9.838e+13
 1.20000   -6.38e-01       2.8871e+05         15        7.091e-05     -9.838e+13
 1.25004   -6.60e-01       2.6263e+05         15        7.279e-05     -9.838e+13
 1.30006   -6.80e-01       2.3961e+05         14        7.467e-05     -9.838e+13
 1.35005   -6.98e-01       2.1920e+05         14        7.652e-05     -9.838e+13
 1.40006   -7.15e-01       2.0105e+05         14        7.837e-05     -9.838e+13
 1.45005   -7.31e-01       1.8485e+05         14        8.020e-05     -9.838e+13
 1.50002   -7.45e-01       1.7037e+05         14        8.203e-05     -9.838e+13
 1.55006   -7.58e-01       1.5734e+05         14        8.385e-05     -9.838e+13
 1.60005   -7.70e-01       1.4562e+05         14        8.033e-05     -9.838e+13
 1.65004   -7.81e-01       1.3504e+05         14        8.201e-05     -9.838e+13
 1.70004   -7.92e-01       1.2547e+05         14        8.368e-05     -9.838e+13
 1.75005   -8.01e-01       1.1678e+05         14        8.533e-05     -9.838e+13
 1.80002   -8.10e-01       1.0888e+05         14        8.698e-05     -9.838e+13
 1.85003   -8.19e-01       1.0168e+05         14        8.862e-05     -9.838e+13
 1.90003   -8.27e-01       9.5102e+04         14        9.025e-05     -9.838e+13
 1.95004   -8.34e-01       8.9081e+04         14        9.187e-05     -9.838e+13
 2.00001   -8.41e-01       8.3563e+04         14        9.348e-05     -9.838e+13
 2.05007   -8.47e-01       7.8485e+04         14        9.508e-05     -9.838e+13
 2.10006   -8.54e-01       7.3818e+04         14        9.668e-05     -9.838e+13
 2.15004   -8.59e-01       6.9516e+04         14        9.827e-05     -9.838e+13
 2.20004   -8.65e-01       6.5541e+04         14        9.985e-05     -9.838e+13
 2.25002   -8.70e-01       6.1866e+04         14        1.014e-04     -9.838e+13
 2.30004   -8.75e-01       5.8459e+04         14        1.030e-04     -9.838e+13
 2.35004   -8.79e-01       5.5299e+04         14        1.045e-04     -9.838e+13
 2.40010   -8.83e-01       5.2361e+04         14        1.061e-04     -9.838e+13
 2.45005   -8.88e-01       4.9633e+04         14        1.076e-04     -9.838e+13
 2.50007   -8.91e-01       4.7089e+04         14        1.092e-04     -9.838e+13
 2.55001   -8.95e-01       4.4719e+04         14        1.107e-04     -9.838e+13
 2.60007   -8.99e-01       4.2502e+04         14        1.123e-04     -9.838e+13
 2.65008   -9.02e-01       4.0431e+04         14        1.138e-04     -9.838e+13
 2.70013   -9.05e-01       3.8491e+04         14        1.153e-04     -9.838e+13
 2.75004   -9.08e-01       3.6678e+04         14        1.168e-04     -9.838e+13
 2.80004   -9.11e-01       3.4975e+04         14        1.183e-04     -9.838e+13
 2.85009   -9.14e-01       3.3374e+04         14        1.199e-04     -9.838e+13
 2.90001   -9.16e-01       3.1874e+04         14        1.214e-04     -9.838e+13
 2.95005   -9.19e-01       3.0459e+04         14        1.229e-04     -9.838e+13
 3.00003   -9.21e-01       2.9128e+04         14        1.244e-04     -9.838e+13
 3.05006   -9.23e-01       2.7873e+04         14        1.259e-04     -9.838e+13
 3.10010   -9.26e-01       2.6688e+04         14        1.274e-04     -9.838e+13
 3.15011   -9.28e-01       2.5571e+04         14        1.289e-04     -9.838e+13
 3.20007   -9.30e-01       2.4516e+04         14        1.303e-04     -9.838e+13
 3.25009   -9.32e-01       2.3517e+04         14        1.318e-04     -9.838e+13
 3.30014   -9.33e-01       2.2571e+04         14        1.333e-04     -9.838e+13
 3.35002   -9.35e-01       2.1679e+04         14        1.348e-04     -9.838e+13
 3.40003   -9.37e-01       2.0831e+04         14        1.363e-04     -9.838e+13
 3.45016   -9.39e-01       2.0024e+04         14        1.378e-04     -9.838e+13
 3.50019   -9.40e-01       1.9261e+04         14        1.392e-04     -9.838e+13
 3.55006   -9.42e-01       1.8538e+04         14        1.407e-04     -9.838e+13
 3.60014   -9.43e-01       1.7847e+04         14        1.422e-04     -9.838e+13
 3.65000   -9.44e-01       1.7194e+04         14        1.437e-04     -9.838e+13
 3.70001   -9.46e-01       1.6570e+04         14        1.452e-04     -9.838e+13
 3.75015   -9.47e-01       1.5975e+04         14        1.466e-04     -9.838e+13
 3.80017   -9.48e-01       1.5409e+04         14        1.481e-04     -9.838e+13
 3.85001   -9.50e-01       1.4872e+04         13        1.496e-04     -9.838e+13
 3.90020   -9.51e-01       1.4355e+04         13        1.510e-04     -9.838e+13
 3.95013   -9.52e-01       1.3865e+04         13        1.525e-04     -9.838e+13
 4.00001   -9.53e-01       1.3398e+04         13        1.539e-04     -9.838e+13
 4.05006   -9.54e-01       1.2949e+04         13        1.554e-04     -9.838e+13
 4.10003   -9.55e-01       1.2521e+04         13        1.568e-04     -9.838e+13
 4.15016   -9.56e-01       1.2111e+04         13        1.583e-04     -9.838e+13
 4.20019   -9.57e-01       1.1719e+04         13        1.597e-04     -9.838e+13
 4.25009   -9.58e-01       1.1345e+04         13        1.612e-04     -9.838e+13
 4.30012   -9.59e-01       1.0985e+04         13        1.626e-04     -9.838e+13
 4.35026   -9.60e-01       1.0640e+04         13        1.640e-04     -9.838e+13
 4.40023   -9.60e-01       1.0311e+04         13        1.655e-04     -9.838e+13
 4.45003   -9.61e-01       9.9956e+03         13        1.669e-04     -9.838e+13
 4.50017   -9.62e-01       9.6912e+03         13        1.683e-04     -9.838e+13
 4.55011   -9.63e-01       9.4001e+03         13        1.591e-04     -9.838e+13
 4.60011   -9.64e-01       9.1203e+03         13        1.604e-04     -9.838e+13
 4.65016   -9.64e-01       8.8513e+03         13        1.617e-04     -9.838e+13
 4.70025   -9.65e-01       8.5925e+03         13        1.631e-04     -9.838e+13
 4.75007   -9.66e-01       8.3450e+03         13        1.644e-04     -9.838e+13
 4.80021   -9.66e-01       8.1054e+03         13        1.657e-04     -9.838e+13
 4.85005   -9.67e-01       7.8763e+03         13        1.670e-04     -9.838e+13
 4.90020   -9.68e-01       7.6544e+03         13        1.683e-04     -9.838e+13
 4.95002   -9.68e-01       7.4421e+03         13        1.697e-04     -9.838e+13
 5.00014   -9.69e-01       7.2364e+03         13        1.710e-04     -9.838e+13
 5.05022   -9.69e-01       7.0384e+03         13        1.723e-04     -9.838e+13
 5.10026   -9.70e-01       6.8477e+03         13        1.736e-04     -9.838e+13
 5.15025   -9.70e-01       6.6640e+03         13        1.749e-04     -9.838e+13
 5.20017   -9.71e-01       6.4870e+03         13        1.762e-04     -9.838e+13
 5.25002   -9.72e-01       6.3165e+03         13        1.775e-04     -9.838e+13
 5.30012   -9.72e-01       6.1511e+03         13        1.788e-04     -9.838e+13
 5.35013   -9.72e-01       5.9918e+03         13        1.800e-04     -9.838e+13
 5.40004   -9.73e-01       5.8382e+03         13        1.813e-04     -9.838e+13
 5.45017   -9.73e-01       5.6891e+03         13        1.826e-04     -9.838e+13
 5.50019   -9.74e-01       5.5454e+03         13        1.839e-04     -9.838e+13
 5.55007   -9.74e-01       5.4069e+03         13        1.852e-04     -9.838e+13
 5.60017   -9.75e-01       5.2724e+03         13        1.864e-04     -9.838e+13
 5.65011   -9.75e-01       5.1427e+03         13        1.877e-04     -9.838e+13
 5.70026   -9.76e-01       5.0167e+03         13        1.890e-04     -9.838e+13
 5.75023   -9.76e-01       4.8952e+03         13        1.903e-04     -9.838e+13
 5.80003   -9.76e-01       4.7780e+03         13        1.915e-04     -9.838e+13
 5.85000   -9.77e-01       4.6641e+03         13        1.928e-04     -9.838e+13
 5.90015   -9.77e-01       4.5535e+03         13        1.940e-04     -9.838e+13
 5.95010   -9.77e-01       4.4467e+03         13        1.953e-04     -9.838e+13
 6.00020   -9.78e-01       4.3429e+03         13        1.966e-04     -9.838e+13
 6.05008   -9.78e-01       4.2428e+03         13        1.978e-04     -9.838e+13
 6.10011   -9.78e-01       4.1455e+03         13        1.991e-04     -9.838e+13
 6.15029   -9.79e-01       4.0508e+03         13        2.003e-04     -9.838e+13
 6.20021   -9.79e-01       3.9594e+03         13        2.016e-04     -9.838e+13
 6.25026   -9.79e-01       3.8706e+03         13        2.028e-04     -9.838e+13
 6.30004   -9.80e-01       3.7848e+03         13        2.041e-04     -9.838e+13
 6.35035   -9.80e-01       3.7007e+03         13        2.053e-04     -9.838e+13
 6.40036   -9.80e-01       3.6196e+03         13        2.065e-04     -9.838e+13
 6.45006   -9.81e-01       3.5413e+03         13        2.078e-04     -9.838e+13
 6.50030   -9.81e-01       3.4644e+03         13        2.090e-04     -9.838e+13
 6.55020   -9.81e-01       3.3902e+03         13        2.102e-04     -9.838e+13
 6.60019   -9.81e-01       3.3180e+03         13        2.115e-04     -9.838e+13
 6.65028   -9.82e-01       3.2477e+03         13        2.127e-04     -9.838e+13
 6.70045   -9.82e-01       3.1792e+03         13        2.139e-04     -9.838e+13
 6.75025   -9.82e-01       3.1132e+03         13        2.152e-04     -9.838e+13
 6.80011   -9.82e-01       3.0489e+03         13        2.164e-04     -9.838e+13
 6.85004   -9.83e-01       2.9862e+03         13        2.176e-04     -9.838e+13
 6.90002   -9.83e-01       2.9252e+03         13        2.188e-04     -9.838e+13
 6.95006   -9.83e-01       2.8658e+03         13        2.201e-04     -9.838e+13
 7.00015   -9.83e-01       2.8080e+03         13        2.213e-04     -9.838e+13
 7.05028   -9.84e-01       2.7516e+03         13        2.225e-04     -9.838e+13
 7.10044   -9.84e-01       2.6967e+03         13        2.237e-04     -9.838e+13
 7.15014   -9.84e-01       2.6437e+03         13        2.249e-04     -9.838e+13
 7.20037   -9.84e-01       2.5916e+03         13        2.261e-04     -9.838e+13
 7.25010   -9.84e-01       2.5413e+03         13        2.273e-04     -9.838e+13
 7.30035   -9.85e-01       2.4918e+03         13        2.286e-04     -9.838e+13
 7.35010   -9.85e-01       2.4441e+03         13        2.298e-04     -9.838e+13
 7.40036   -9.85e-01       2.3971e+03         13        2.310e-04     -9.838e+13
 7.45008   -9.85e-01       2.3518e+03         13        2.322e-04     -9.838e+13
 7.50032   -9.85e-01       2.3071e+03         13        2.334e-04     -9.838e+13
 7.55001   -9.86e-01       2.2641e+03         13        2.346e-04     -9.838e+13
 7.60020   -9.86e-01       2.2217e+03         13        2.358e-04     -9.838e+13
 7.65037   -9.86e-01       2.1804e+03         13        2.370e-04     -9.838e+13
 7.70049   -9.86e-01       2.1401e+03         13        2.382e-04     -9.838e+13
 7.75001   -9.86e-01       2.1013e+03         13        2.394e-04     -9.838e+13
 7.80003   -9.86e-01       2.0630e+03         13        2.406e-04     -9.838e+13
 7.85057   -9.87e-01       2.0253e+03         13        2.418e-04     -9.838e+13
 7.90047   -9.87e-01       1.9890e+03         13        2.430e-04     -9.838e+13
 7.95029   -9.87e-01       1.9535e+03         13        2.442e-04     -9.838e+13
 8.00002   -9.87e-01       1.9190e+03         13        2.454e-04     -9.838e+13
 8.05027   -9.87e-01       1.8849e+03         13        2.466e-04     -9.838e+13
 8.10042   -9.87e-01       1.8517e+03         13        2.478e-04     -9.838e+13
 8.15047   -9.88e-01       1.8194e+03         13        2.490e-04     -9.838e+13
 8.20041   -9.88e-01       1.7878e+03         13        2.502e-04     -9.838e+13
 8.25024   -9.88e-01       1.7571e+03         13        2.513e-04     -9.838e+13
 8.30057   -9.88e-01       1.7267e+03         13        2.525e-04     -9.838e+13
 8.35014   -9.88e-01       1.6975e+03         13        2.537e-04     -9.838e+13
 8.40020   -9.88e-01       1.6687e+03         13        2.549e-04     -9.838e+13
 8.45013   -9.88e-01       1.6406e+03         13        2.561e-04     -9.838e+13
 8.50055   -9.89e-01       1.6128e+03         13        2.573e-04     -9.838e+13
 8.55016   -9.89e-01       1.5861e+03         13        2.585e-04     -9.838e+13
 8.60026   -9.89e-01       1.5597e+03         13        2.597e-04     -9.838e+13
 8.65020   -9.89e-01       1.5340e+03         13        2.608e-04     -9.838e+13
 8.70063   -9.89e-01       1.5086e+03         13        2.620e-04     -9.838e+13
 8.75019   -9.89e-01       1.4842e+03         13        2.632e-04     -9.838e+13
 8.80024   -9.89e-01       1.4601e+03         13        2.644e-04     -9.838e+13
 8.85009   -9.89e-01       1.4366e+03         13        2.656e-04     -9.838e+13
 8.90043   -9.90e-01       1.4134e+03         13        2.667e-04     -9.838e+13
 8.95056   -9.90e-01       1.3908e+03         13        2.679e-04     -9.838e+13
 9.00047   -9.90e-01       1.3687e+03         13        2.691e-04     -9.838e+13
 9.05013   -9.90e-01       1.3472e+03         13        2.703e-04     -9.838e+13
 9.10029   -9.90e-01       1.3260e+03         13        2.715e-04     -9.838e+13
 9.15019   -9.90e-01       1.3053e+03         13        2.726e-04     -9.838e+13
 9.20059   -9.90e-01       1.2848e+03         13        2.738e-04     -9.838e+13
 9.25073   -9.90e-01       1.2648e+03         13        2.750e-04     -9.838e+13
 9.30060   -9.90e-01       1.2454e+03         13        2.762e-04     -9.838e+13
 9.35017   -9.90e-01       1.2265e+03         13        2.774e-04     -9.838e+13
 9.40023   -9.91e-01       1.2078e+03         13        2.785e-04     -9.838e+13
 9.45079   -9.91e-01       1.1893e+03         13        2.797e-04     -9.838e+13
 9.50024   -9.91e-01       1.1715e+03         13        2.809e-04     -9.838e+13
 9.55017   -9.91e-01       1.1539e+03         13        2.821e-04     -9.838e+13
 9.60059   -9.91e-01       1.1366e+03         13        2.832e-04     -9.838e+13
 9.65069   -9.91e-01       1.1196e+03         13        2.844e-04     -9.838e+13
 9.70044   -9.91e-01       1.1032e+03         13        2.856e-04     -9.838e+13
 9.75067   -9.91e-01       1.0868e+03         13        2.868e-04     -9.838e+13
 9.80055   -9.91e-01       1.0710e+03         13        2.879e-04     -9.838e+13
 9.85006   -9.91e-01       1.0555e+03         13        2.891e-04     -9.838e+13
 9.90004   -9.91e-01       1.0402e+03         13        2.903e-04     -9.838e+13
 9.95050   -9.92e-01       1.0250e+03         13        2.915e-04     -9.838e+13
10.00058   -9.92e-01       1.0103e+03         13        2.926e-04     -9.838e+13
10.05025   -9.92e-01       9.9594e+02         13        2.938e-04     -9.838e+13
10.10040   -9.92e-01       9.8172e+02         13        2.950e-04     -9.838e+13
10.15012   -9.92e-01       9.6789e+02         13        2.962e-04     -9.838e+13
10.20032   -9.92e-01       9.5419e+02         13        2.973e-04     -9.838e+13
10.25009   -9.92e-01       9.4086e+02         13        2.985e-04     -9.838e+13
10.30029   -9.92e-01       9.2767e+02         12        2.997e-04     -9.838e+13
10.35079   -9.92e-01       9.1465e+02         12        3.008e-04     -9.838e+13
10.40061   -9.92e-01       9.0203e+02         12        3.020e-04     -9.838e+13
10.45071   -9.92e-01       8.8958e+02         12        3.032e-04     -9.838e+13
10.50012   -9.92e-01       8.7753e+02         12        3.043e-04     -9.838e+13
10.55075   -9.92e-01       8.6540e+02         12        3.055e-04     -9.838e+13
10.60069   -9.93e-01       8.5366e+02         12        3.066e-04     -9.838e+13
10.65090   -9.93e-01       8.4206e+02         12        3.078e-04     -9.838e+13
10.70040   -9.93e-01       8.3084e+02         12        3.089e-04     -9.838e+13
10.75016   -9.93e-01       8.1975e+02         12        3.101e-04     -9.838e+13
10.80018   -9.93e-01       8.0881e+02         12        3.112e-04     -9.838e+13
10.85046   -9.93e-01       7.9800e+02         12        3.124e-04     -9.838e+13
10.90001   -9.93e-01       7.8754e+02         12        3.135e-04     -9.838e+13
10.95082   -9.93e-01       7.7700e+02         12        3.147e-04     -9.838e+13
11.00089   -9.93e-01       7.6680e+02         12        3.159e-04     -9.838e+13
11.05022   -9.93e-01       7.5692e+02         12        3.170e-04     -9.838e+13
11.10081   -9.93e-01       7.4696e+02         12        3.181e-04     -9.838e+13
11.15064   -9.93e-01       7.3733e+02         12        3.193e-04     -9.838e+13
11.20073   -9.93e-01       7.2781e+02         12        3.204e-04     -9.838e+13
11.25005   -9.93e-01       7.1860e+02         12        3.216e-04     -9.838e+13
11.30065   -9.93e-01       7.0930e+02         12        3.227e-04     -9.838e+13
11.35047   -9.93e-01       7.0031e+02         12        3.239e-04     -9.838e+13
11.40055   -9.93e-01       6.9142e+02         12        3.250e-04     -9.838e+13
11.45088   -9.94e-01       6.8264e+02         12        3.262e-04     -9.838e+13
11.50041   -9.94e-01       6.7415e+02         12        3.273e-04     -9.838e+13
11.55018   -9.94e-01       6.6575e+02         12        3.284e-04     -9.838e+13
11.60021   -9.94e-01       6.5745e+02         12        3.296e-04     -9.838e+13
11.65049   -9.94e-01       6.4925e+02         12        3.307e-04     -9.838e+13
11.70102   -9.94e-01       6.4114e+02         12        3.319e-04     -9.838e+13
11.75073   -9.94e-01       6.3329e+02         12        3.330e-04     -9.838e+13
11.80068   -9.94e-01       6.2554e+02         12        3.341e-04     -9.838e+13
11.85088   -9.94e-01       6.1787e+02         12        3.353e-04     -9.838e+13
11.90023   -9.94e-01       6.1046e+02         12        3.364e-04     -9.838e+13
11.95093   -9.94e-01       6.0297e+02         12        3.375e-04     -9.838e+13
12.00077   -9.94e-01       5.9572e+02         12        3.387e-04     -9.838e+13
12.05085   -9.94e-01       5.8855e+02         12        3.398e-04     -9.838e+13
12.10006   -9.94e-01       5.8162e+02         12        3.189e-04     -9.838e+13
12.15064   -9.94e-01       5.7461e+02         12        3.199e-04     -9.838e+13
12.20033   -9.94e-01       5.6783e+02         12        3.210e-04     -9.838e+13
12.25027   -9.94e-01       5.6113e+02         12        3.220e-04     -9.838e+13
12.30044   -9.94e-01       5.5450e+02         12        3.231e-04     -9.838e+13
12.35087   -9.94e-01       5.4794e+02         12        3.241e-04     -9.838e+13
12.40038   -9.94e-01       5.4160e+02         12        3.252e-04     -9.838e+13
12.45014   -9.95e-01       5.3532e+02         12        3.262e-04     -9.838e+13
12.50013   -9.95e-01       5.2912e+02         12        3.273e-04     -9.838e+13
12.55037   -9.95e-01       5.2298e+02         12        3.283e-04     -9.838e+13
12.60084   -9.95e-01       5.1690e+02         12        3.294e-04     -9.838e+13
12.65038   -9.95e-01       5.1103e+02         12        3.304e-04     -9.838e+13
12.70016   -9.95e-01       5.0523e+02         12        3.315e-04     -9.838e+13
12.75017   -9.95e-01       4.9948e+02         12        3.325e-04     -9.838e+13
12.80043   -9.95e-01       4.9379e+02         12        3.336e-04     -9.838e+13
12.85092   -9.95e-01       4.8816e+02         12        3.346e-04     -9.838e+13
12.90044   -9.95e-01       4.8272e+02         12        3.357e-04     -9.838e+13
12.95020   -9.95e-01       4.7734e+02         12        3.367e-04     -9.838e+13
13.00019   -9.95e-01       4.7201e+02         12        3.377e-04     -9.838e+13
13.05042   -9.95e-01       4.6674e+02         12        3.388e-04     -9.838e+13
13.10089   -9.95e-01       4.6152e+02         12        3.398e-04     -9.838e+13
13.15036   -9.95e-01       4.5648e+02         12        3.409e-04     -9.838e+13
13.20006   -9.95e-01       4.5149e+02         12        3.419e-04     -9.838e+13
13.25124   -9.95e-01       4.4642e+02         12        3.429e-04     -9.838e+13
13.30016   -9.95e-01       4.4165e+02         12        3.440e-04     -9.838e+13
13.35056   -9.95e-01       4.3681e+02         12        3.450e-04     -9.838e+13
13.40120   -9.95e-01       4.3201e+02         12        3.460e-04     -9.838e+13
13.45080   -9.95e-01       4.2738e+02         12        3.471e-04     -9.838e+13
13.50063   -9.95e-01       4.2280e+02         12        3.481e-04     -9.838e+13
13.55070   -9.95e-01       4.1826e+02         12        3.491e-04     -9.838e+13
13.60099   -9.95e-01       4.1376e+02         12        3.502e-04     -9.838e+13
13.65022   -9.95e-01       4.0942e+02         12        3.512e-04     -9.838e+13
13.70099   -9.95e-01       4.0501e+02         12        3.522e-04     -9.838e+13
13.75067   -9.95e-01       4.0076e+02         12        3.532e-04     -9.838e+13
13.80059   -9.96e-01       3.9654e+02         12        3.543e-04     -9.838e+13
13.85074   -9.96e-01       3.9237e+02         12        3.553e-04     -9.838e+13
13.90112   -9.96e-01       3.8823e+02         12        3.563e-04     -9.838e+13
13.95039   -9.96e-01       3.8424e+02         12        3.573e-04     -9.838e+13
14.00123   -9.96e-01       3.8018e+02         12        3.584e-04     -9.838e+13
14.05096   -9.96e-01       3.7627e+02         12        3.594e-04     -9.838e+13
14.10092   -9.96e-01       3.7239e+02         12        3.604e-04     -9.838e+13
14.15110   -9.96e-01       3.6855e+02         12        3.614e-04     -9.838e+13
14.20015   -9.96e-01       3.6484e+02         12        3.624e-04     -9.838e+13
14.25079   -9.96e-01       3.6107e+02         12        3.635e-04     -9.838e+13
14.30028   -9.96e-01       3.5743e+02         12        3.645e-04     -9.838e+13
14.35138   -9.96e-01       3.5372e+02         12        3.655e-04     -9.838e+13
14.40133   -9.96e-01       3.5015e+02         12        3.665e-04     -9.838e+13
14.45010   -9.96e-01       3.4671e+02         12        3.675e-04     -9.838e+13
14.50050   -9.96e-01       3.4320e+02         12        3.685e-04     -9.838e+13
14.55112   -9.96e-01       3.3972e+02         12        3.696e-04     -9.838e+13
14.60056   -9.96e-01       3.3637e+02         12        3.706e-04     -9.838e+13
14.65022   -9.96e-01       3.3305e+02         12        3.716e-04     -9.838e+13
14.70010   -9.96e-01       3.2975e+02         12        3.726e-04     -9.838e+13
14.75020   -9.96e-01       3.2649e+02         12        3.736e-04     -9.838e+13
14.80053   -9.96e-01       3.2325e+02         12        3.746e-04     -9.838e+13
14.85109   -9.96e-01       3.2005e+02         12        3.756e-04     -9.838e+13
14.90042   -9.96e-01       3.1696e+02         12        3.766e-04     -9.838e+13
14.95142   -9.96e-01       3.1381e+02         12        3.776e-04     -9.838e+13
15.00120   -9.96e-01       3.1077e+02         12        3.787e-04     -9.838e+13
15.05119   -9.96e-01       3.0776e+02         12        3.797e-04     -9.838e+13
15.10141   -9.96e-01       3.0478e+02         12        3.807e-04     -9.838e+13
15.15036   -9.96e-01       3.0190e+02         12        3.816e-04     -9.838e+13
15.20102   -9.96e-01       2.9897e+02         12        3.827e-04     -9.838e+13
15.25041   -9.96e-01       2.9615e+02         12        3.837e-04     -9.838e+13
15.30002   -9.96e-01       2.9334e+02         12        3.847e-04     -9.838e+13
15.35135   -9.96e-01       2.9048e+02         12        3.857e-04     -9.838e+13
15.40140   -9.96e-01       2.8773e+02         12        3.867e-04     -9.838e+13
15.45014   -9.96e-01       2.8508e+02         12        3.877e-04     -9.838e+13
15.50063   -9.96e-01       2.8237e+02         12        3.887e-04     -9.838e+13
15.55134   -9.96e-01       2.7968e+02         12        3.897e-04     -9.838e+13
15.60073   -9.96e-01       2.7710e+02         12        3.907e-04     -9.838e+13
15.65033   -9.96e-01       2.7453e+02         12        3.917e-04     -9.838e+13
15.70015   -9.97e-01       2.7199e+02         12        3.926e-04     -9.838e+13
15.75019   -9.97e-01       2.6947e+02         12        3.936e-04     -9.838e+13
15.80044   -9.97e-01       2.6697e+02         12        3.946e-04     -9.838e+13
15.85092   -9.97e-01       2.6448e+02         12        3.956e-04     -9.838e+13
15.90003   -9.97e-01       2.6210e+02         12        3.966e-04     -9.838e+13
15.95095   -9.97e-01       2.5965e+02         12        3.976e-04     -9.838e+13
16.00049   -9.97e-01       2.5730e+02         12        3.986e-04     -9.838e+13
16.05025   -9.97e-01       2.5497e+02         12        3.996e-04     -9.838e+13
16.10022   -9.97e-01       2.5266e+02         12        4.006e-04     -9.838e+13
16.15041   -9.97e-01       2.5037e+02         12        4.016e-04     -9.838e+13
16.20082   -9.97e-01       2.4809e+02         12        4.026e-04     -9.838e+13
16.25145   -9.97e-01       2.4583e+02         12        4.036e-04     -9.838e+13
16.30065   -9.97e-01       2.4367e+02         12        4.046e-04     -9.838e+13
16.35007   -9.97e-01       2.4151e+02         12        4.055e-04     -9.838e+13
16.40135   -9.97e-01       2.3931e+02         12        4.065e-04     -9.838e+13
16.45120   -9.97e-01       2.3719e+02         12        4.075e-04     -9.838e+13
16.50126   -9.97e-01       2.3508e+02         12        4.085e-04     -9.838e+13
16.55154   -9.97e-01       2.3299e+02         12        4.095e-04     -9.838e+13
16.60035   -9.97e-01       2.3099e+02         12        4.105e-04     -9.838e+13
16.65106   -9.97e-01       2.2893e+02         12        4.115e-04     -9.838e+13
16.70029   -9.97e-01       2.2696e+02         12        4.124e-04     -9.838e+13
16.75143   -9.97e-01       2.2493e+02         12        4.134e-04     -9.838e+13
16.80108   -9.97e-01       2.2299e+02         12        4.144e-04     -9.838e+13
16.85095   -9.97e-01       2.2106e+02         12        4.154e-04     -9.838e+13
16.90103   -9.97e-01       2.1914e+02         12        4.164e-04     -9.838e+13
16.95132   -9.97e-01       2.1724e+02         12        4.174e-04     -9.838e+13
17.00008   -9.97e-01       2.1542e+02         12        4.183e-04     -9.838e+13
17.05080   -9.97e-01       2.1354e+02         12        4.193e-04     -9.838e+13
17.10174   -9.97e-01       2.1168e+02         12        4.203e-04     -9.838e+13
17.15113   -9.97e-01       2.0990e+02         12        4.213e-04     -9.838e+13
17.20074   -9.97e-01       2.0813e+02         12        4.223e-04     -9.838e+13
17.25055   -9.97e-01       2.0637e+02         12        4.232e-04     -9.838e+13
17.30057   -9.97e-01       2.0462e+02         12        4.242e-04     -9.838e+13
17.35080   -9.97e-01       2.0289e+02         12        4.252e-04     -9.838e+13
17.40125   -9.97e-01       2.0117e+02         12        4.262e-04     -9.838e+13
17.45010   -9.97e-01       1.9952e+02         12        4.271e-04     -9.838e+13
17.50097   -9.97e-01       1.9782e+02         12        4.281e-04     -9.838e+13
17.55024   -9.97e-01       1.9619e+02         12        4.291e-04     -9.838e+13
17.60154   -9.97e-01       1.9452e+02         12        4.301e-04     -9.838e+13
17.65123   -9.97e-01       1.9291e+02         12        4.310e-04     -9.838e+13
17.70112   -9.97e-01       1.9132e+02         12        4.320e-04     -9.838e+13
17.75122   -9.97e-01       1.8974e+02         12        4.330e-04     -9.838e+13
17.80154   -9.97e-01       1.8817e+02         12        4.340e-04     -9.838e+13
17.85019   -9.97e-01       1.8667e+02         12        4.349e-04     -9.838e+13
17.90093   -9.97e-01       1.8512e+02         12        4.359e-04     -9.838e+13
17.95188   -9.97e-01       1.8358e+02         12        4.369e-04     -9.838e+13
18.00115   -9.97e-01       1.8211e+02         12        4.378e-04     -9.838e+13
18.05063   -9.97e-01       1.8064e+02         12        4.388e-04     -9.838e+13
18.10031   -9.97e-01       1.7919e+02         12        4.398e-04     -9.838e+13
18.15019   -9.97e-01       1.7775e+02         12        4.407e-04     -9.838e+13
18.20029   -9.97e-01       1.7631e+02         12        4.417e-04     -9.838e+13
18.25060   -9.97e-01       1.7489e+02         12        4.427e-04     -9.838e+13
18.30112   -9.97e-01       1.7347e+02         12        4.436e-04     -9.838e+13
18.35185   -9.97e-01       1.7207e+02         12        4.446e-04     -9.838e+13
18.40083   -9.97e-01       1.7072e+02         12        4.456e-04     -9.838e+13
18.45001   -9.97e-01       1.6939e+02         12        4.465e-04     -9.838e+13
18.50138   -9.97e-01       1.6801e+02         12        4.475e-04     -9.838e+13
18.55098   -9.97e-01       1.6669e+02         12        4.485e-04     -9.838e+13
18.60078   -9.97e-01       1.6539e+02         12        4.494e-04     -9.838e+13
18.65079   -9.98e-01       1.6408e+02         12        4.504e-04     -9.838e+13
18.70100   -9.98e-01       1.6279e+02         12        4.514e-04     -9.838e+13
18.75143   -9.98e-01       1.6151e+02         12        4.523e-04     -9.838e+13
18.80004   -9.98e-01       1.6028e+02         12        4.533e-04     -9.838e+13
18.85088   -9.98e-01       1.5902e+02         12        4.542e-04     -9.838e+13
18.90193   -9.98e-01       1.5776e+02         12        4.552e-04     -9.838e+13
18.95115   -9.98e-01       1.5655e+02         12        4.562e-04     -9.838e+13
19.00057   -9.98e-01       1.5536e+02         12        4.571e-04     -9.838e+13
19.05019   -9.98e-01       1.5417e+02         12        4.581e-04     -9.838e+13
19.10001   -9.98e-01       1.5299e+02         12        4.590e-04     -9.838e+13
19.15004   -9.98e-01       1.5182e+02         12        4.600e-04     -9.838e+13
19.20027   -9.98e-01       1.5065e+02         12        4.609e-04     -9.838e+13
19.25072   -9.98e-01       1.4949e+02         12        4.619e-04     -9.838e+13
19.30137   -9.98e-01       1.4834e+02         12        4.629e-04     -9.838e+13
19.35011   -9.98e-01       1.4725e+02         12        4.638e-04     -9.838e+13
19.40118   -9.98e-01       1.4611e+02         12        4.648e-04     -9.838e+13
19.45032   -9.98e-01       1.4503e+02         12        4.657e-04     -9.838e+13
19.50181   -9.98e-01       1.4390e+02         12        4.667e-04     -9.838e+13
19.55136   -9.98e-01       1.4283e+02         12        4.677e-04     -9.838e+13
19.60111   -9.98e-01       1.4177e+02         12        4.686e-04     -9.838e+13
19.65107   -9.98e-01       1.4071e+02         12        4.696e-04     -9.838e+13
19.70122   -9.98e-01       1.3966e+02         12        4.705e-04     -9.838e+13
19.75159   -9.98e-01       1.3861e+02         12        4.715e-04     -9.838e+13
19.80216   -9.98e-01       1.3757e+02         12        4.725e-04     -9.838e+13
19.85073   -9.98e-01       1.3658e+02         12        4.734e-04     -9.838e+13
19.90171   -9.98e-01       1.3555e+02         12        4.744e-04     -9.838e+13
19.95068   -9.98e-01       1.3458e+02         12        4.753e-04     -9.838e+13
20.00208   -9.98e-01       1.3356e+02         12        4.763e-04     -9.838e+13
20.00208   -9.98e-01       1.3356e+02         12        4.763e-04     -9.838e+13   <-- front at the truncation: stop (delta > 4/k_max)
energy drift over the run: 1.0e+00   (11.2s)  (nu > 0: physical dissipation, not drift)
reliable window: t in [0.3357, 20.0021] (65003 samples)
exponential fit  delta = 6.7e-05 exp(-t/-7.5174)   relative rms residual 0.3237
linear fit       delta = -1.19e-05 (-12.6487 - t)     relative rms residual 12.3876   -> t* = -12.6487
second half only: exponential tau = -20.9995;  linear t* = -6.2623
local decay rate -d log(delta)/dt at start / middle / end of window: 7.844 / -0.320 / -0.040  (rising = approaching a singularity)
VERDICT: delta is growing again at the end of the window: the front has stalled, no singularity
