dyadic model, J=34 shells (k_max = 2^33), nu=0.0001, CFL 0.050; reliability rule delta > 4/k_max = 4.7e-10
   t        E/E0 - 1        Z = sum k^2 a^2     front shell   delta(t)     div F (Liouville check)
 0.01667   -5.47e-06       2.1053e+00          1        nan     -9.838e+15
 0.06136   -2.17e-05       2.4536e+00          1        1.137e+00     -9.838e+15
 0.10109   -3.86e-05       2.8764e+00          1        8.698e-01     -9.838e+15
 0.16152   -7.06e-05       3.8271e+00          1        6.110e-01     -9.838e+15
 0.20737   -1.02e-04       4.9222e+00          1        4.702e-01     -9.838e+15
 0.25053   -1.41e-04       6.4481e+00          2        3.643e-01     -9.838e+15
 0.30398   -2.08e-04       9.5483e+00          2        2.573e-01     -9.838e+15
 0.35069   -2.96e-04       1.4461e+01          3        1.814e-01     -9.838e+15
 0.40454   -4.65e-04       2.6595e+01          3        1.104e-01     -9.838e+15
 0.45311   -7.68e-04       5.6804e+01          4        6.072e-02     -9.838e+15
 0.50067   -1.54e-03       1.8253e+02          5        2.464e-02     -9.838e+15
 0.55022   -7.92e-03       3.0877e+03          9        3.446e-03     -9.838e+15
 0.60021   -8.24e-02       1.0558e+04         10        1.579e-03     -9.838e+15
 0.65012   -1.64e-01       9.7226e+03         10        1.611e-03     -9.838e+15
 0.70002   -2.37e-01       8.6948e+03         10        1.660e-03     -9.838e+15
 0.75003   -3.03e-01       7.7023e+03         10        1.715e-03     -9.838e+15
 0.80019   -3.61e-01       6.8139e+03         10        1.773e-03     -9.838e+15
 0.85008   -4.12e-01       6.0404e+03         10        1.832e-03     -9.838e+15
 0.90017   -4.58e-01       5.3663e+03         10        1.891e-03     -9.838e+15
 0.95028   -4.98e-01       4.7825e+03         10        1.951e-03     -9.838e+15
 1.00019   -5.35e-01       4.2790e+03         10        2.011e-03     -9.838e+15
 1.05006   -5.67e-01       3.8424e+03         10        2.071e-03     -9.838e+15
 1.10009   -5.96e-01       3.4611e+03         10        2.131e-03     -9.838e+15
 1.15008   -6.22e-01       3.1284e+03         10        2.191e-03     -9.838e+15
 1.20028   -6.46e-01       2.8355e+03         10        2.251e-03     -9.838e+15
 1.25051   -6.68e-01       2.5778e+03         10        2.312e-03     -9.838e+15
 1.30053   -6.88e-01       2.3512e+03         10        2.371e-03     -9.838e+15
 1.35058   -7.06e-01       2.1503e+03          9        2.431e-03     -9.838e+15
 1.40010   -7.22e-01       1.9734e+03          9        2.489e-03     -9.838e+15
 1.45001   -7.37e-01       1.8142e+03          9        2.548e-03     -9.838e+15
 1.50024   -7.51e-01       1.6709e+03          9        2.606e-03     -9.838e+15
 1.55006   -7.64e-01       1.5433e+03          9        2.664e-03     -9.838e+15
 1.60006   -7.76e-01       1.4280e+03          9        2.722e-03     -9.838e+15
 1.65018   -7.87e-01       1.3237e+03          9        2.608e-03     -9.838e+15
 1.70036   -7.97e-01       1.2293e+03          9        2.662e-03     -9.838e+15
 1.75054   -8.07e-01       1.1436e+03          9        2.716e-03     -9.838e+15
 1.80065   -8.16e-01       1.0659e+03          9        2.769e-03     -9.838e+15
 1.85062   -8.24e-01       9.9521e+02          9        2.822e-03     -9.838e+15
 1.90037   -8.31e-01       9.3095e+02          9        2.874e-03     -9.838e+15
 1.95071   -8.39e-01       8.7145e+02          9        2.927e-03     -9.838e+15
 2.00072   -8.45e-01       8.1726e+02          9        2.979e-03     -9.838e+15
 2.05033   -8.52e-01       7.6788e+02          9        3.030e-03     -9.838e+15
 2.10040   -8.58e-01       7.2200e+02          9        3.081e-03     -9.838e+15
 2.15091   -8.63e-01       6.7935e+02          9        3.133e-03     -9.838e+15
 2.20085   -8.69e-01       6.4043e+02          9        3.184e-03     -9.838e+15
 2.25011   -8.74e-01       6.0490e+02          9        3.234e-03     -9.838e+15
 2.30073   -8.78e-01       5.7109e+02          9        3.285e-03     -9.838e+15
 2.35057   -8.83e-01       5.4021e+02          9        3.335e-03     -9.838e+15
 2.40066   -8.87e-01       5.1139e+02          9        3.385e-03     -9.838e+15
 2.45096   -8.91e-01       4.8448e+02          9        3.435e-03     -9.838e+15
 2.50026   -8.95e-01       4.5990e+02          9        3.484e-03     -9.838e+15
 2.55088   -8.98e-01       4.3637e+02          9        3.534e-03     -9.838e+15
 2.60038   -9.02e-01       4.1489e+02          9        3.582e-03     -9.838e+15
 2.65119   -9.05e-01       3.9429e+02          9        3.632e-03     -9.838e+15
 2.70073   -9.08e-01       3.7549e+02          9        3.681e-03     -9.838e+15
 2.75022   -9.11e-01       3.5788e+02          9        3.729e-03     -9.838e+15
 2.80101   -9.14e-01       3.4094e+02          9        3.778e-03     -9.838e+15
 2.85030   -9.16e-01       3.2551e+02          9        3.826e-03     -9.838e+15
 2.90087   -9.19e-01       3.1064e+02          9        3.875e-03     -9.838e+15
 2.95126   -9.21e-01       2.9670e+02          9        3.924e-03     -9.838e+15
 3.00144   -9.24e-01       2.8364e+02          9        3.972e-03     -9.838e+15
 3.05134   -9.26e-01       2.7140e+02          9        4.020e-03     -9.838e+15
 3.10090   -9.28e-01       2.5993e+02          9        4.067e-03     -9.838e+15
 3.15006   -9.30e-01       2.4918e+02          9        4.114e-03     -9.838e+15
 3.20046   -9.32e-01       2.3877e+02          9        4.163e-03     -9.838e+15
 3.25041   -9.34e-01       2.2902e+02          9        4.210e-03     -9.838e+15
 3.30162   -9.36e-01       2.1956e+02          9        4.259e-03     -9.838e+15
 3.35049   -9.37e-01       2.1101e+02          9        4.306e-03     -9.838e+15
 3.40056   -9.39e-01       2.0271e+02          9        4.353e-03     -9.838e+15
 3.45190   -9.41e-01       1.9465e+02          9        4.402e-03     -9.838e+15
 3.50060   -9.42e-01       1.8739e+02          9        4.448e-03     -9.838e+15
 3.55048   -9.44e-01       1.8032e+02          9        4.495e-03     -9.838e+15
 3.60160   -9.45e-01       1.7344e+02          9        4.544e-03     -9.838e+15
 3.65189   -9.46e-01       1.6701e+02          9        4.591e-03     -9.838e+15
 3.70126   -9.48e-01       1.6100e+02          9        4.638e-03     -9.838e+15
 3.75182   -9.49e-01       1.5515e+02          9        4.686e-03     -9.838e+15
 3.80136   -9.50e-01       1.4968e+02          9        4.733e-03     -9.838e+15
 3.85209   -9.51e-01       1.4435e+02          9        4.781e-03     -9.838e+15
 3.90168   -9.53e-01       1.3937e+02          9        4.828e-03     -9.838e+15
 3.95240   -9.54e-01       1.3452e+02          8        4.876e-03     -9.838e+15
 4.00141   -9.55e-01       1.3004e+02          8        4.921e-03     -9.838e+15
 4.05107   -9.56e-01       1.2571e+02          8        4.967e-03     -9.838e+15
 4.10137   -9.57e-01       1.2151e+02          8        5.014e-03     -9.838e+15
 4.15235   -9.58e-01       1.1744e+02          8        5.061e-03     -9.838e+15
 4.20140   -9.59e-01       1.1370e+02          8        5.107e-03     -9.838e+15
 4.25108   -9.60e-01       1.1007e+02          8        5.153e-03     -9.838e+15
 4.30140   -9.60e-01       1.0654e+02          8        5.199e-03     -9.838e+15
 4.35236   -9.61e-01       1.0313e+02          8        5.246e-03     -9.838e+15
 4.40125   -9.62e-01       9.9988e+01          8        5.291e-03     -9.838e+15
 4.45075   -9.63e-01       9.6937e+01          8        5.336e-03     -9.838e+15
 4.50086   -9.64e-01       9.3973e+01          8        5.382e-03     -9.838e+15
 4.55159   -9.64e-01       9.1093e+01          8        5.429e-03     -9.838e+15
 4.60010   -9.65e-01       8.8449e+01          8        5.473e-03     -9.838e+15
 4.65208   -9.66e-01       8.5728e+01          8        5.520e-03     -9.838e+15
 4.70179   -9.66e-01       8.3229e+01          8        5.565e-03     -9.838e+15
 4.75210   -9.67e-01       8.0798e+01          8        5.611e-03     -9.838e+15
 4.80001   -9.68e-01       7.8570e+01          8        5.272e-03     -9.838e+15
 4.85153   -9.68e-01       7.6264e+01          8        5.316e-03     -9.838e+15
 4.90059   -9.69e-01       7.4152e+01          8        5.357e-03     -9.838e+15
 4.95023   -9.70e-01       7.2093e+01          8        5.399e-03     -9.838e+15
 5.00045   -9.70e-01       7.0086e+01          8        5.441e-03     -9.838e+15
 5.05128   -9.71e-01       6.8131e+01          8        5.484e-03     -9.838e+15
 5.10271   -9.71e-01       6.6226e+01          8        5.527e-03     -9.838e+15
 5.15148   -9.72e-01       6.4483e+01          8        5.568e-03     -9.838e+15
 5.20082   -9.72e-01       6.2783e+01          8        5.609e-03     -9.838e+15
 5.25072   -9.73e-01       6.1123e+01          8        5.650e-03     -9.838e+15
 5.30119   -9.73e-01       5.9503e+01          8        5.692e-03     -9.838e+15
 5.35226   -9.74e-01       5.7922e+01          8        5.734e-03     -9.838e+15
 5.40045   -9.74e-01       5.6480e+01          8        5.774e-03     -9.838e+15
 5.45269   -9.75e-01       5.4971e+01          8        5.817e-03     -9.838e+15
 5.50200   -9.75e-01       5.3596e+01          8        5.857e-03     -9.838e+15
 5.55186   -9.75e-01       5.2251e+01          8        5.898e-03     -9.838e+15
 5.60228   -9.76e-01       5.0936e+01          8        5.940e-03     -9.838e+15
 5.65328   -9.76e-01       4.9651e+01          8        5.981e-03     -9.838e+15
 5.70116   -9.77e-01       4.8484e+01          8        6.020e-03     -9.838e+15
 5.75330   -9.77e-01       4.7253e+01          8        6.063e-03     -9.838e+15
 5.80225   -9.77e-01       4.6136e+01          8        6.102e-03     -9.838e+15
 5.85174   -9.78e-01       4.5041e+01          8        6.142e-03     -9.838e+15
 5.90178   -9.78e-01       4.3970e+01          8        6.183e-03     -9.838e+15
 5.95236   -9.78e-01       4.2921e+01          8        6.224e-03     -9.838e+15
 6.00351   -9.79e-01       4.1893e+01          8        6.265e-03     -9.838e+15
 6.05124   -9.79e-01       4.0964e+01          8        6.303e-03     -9.838e+15
 6.10351   -9.79e-01       3.9978e+01          8        6.345e-03     -9.838e+15
 6.15228   -9.80e-01       3.9086e+01          8        6.384e-03     -9.838e+15
 6.20158   -9.80e-01       3.8211e+01          8        6.424e-03     -9.838e+15
 6.25140   -9.80e-01       3.7353e+01          8        6.463e-03     -9.838e+15
 6.30177   -9.81e-01       3.6511e+01          8        6.503e-03     -9.838e+15
 6.35268   -9.81e-01       3.5686e+01          8        6.544e-03     -9.838e+15
 6.40415   -9.81e-01       3.4876e+01          8        6.585e-03     -9.838e+15
 6.45183   -9.82e-01       3.4148e+01          8        6.623e-03     -9.838e+15
 6.50001   -9.82e-01       3.3433e+01          8        6.661e-03     -9.838e+15
 6.55312   -9.82e-01       3.2668e+01          8        6.703e-03     -9.838e+15
 6.60235   -9.82e-01       3.1979e+01          8        6.742e-03     -9.838e+15
 6.65208   -9.83e-01       3.1302e+01          8        6.781e-03     -9.838e+15
 6.70235   -9.83e-01       3.0638e+01          8        6.820e-03     -9.838e+15
 6.75315   -9.83e-01       2.9985e+01          8        6.860e-03     -9.838e+15
 6.80450   -9.83e-01       2.9344e+01          8        6.901e-03     -9.838e+15
 6.85166   -9.84e-01       2.8771e+01          8        6.937e-03     -9.838e+15
 6.90409   -9.84e-01       2.8152e+01          8        6.978e-03     -9.838e+15
 6.95224   -9.84e-01       2.7598e+01          8        7.016e-03     -9.838e+15
 7.00089   -9.84e-01       2.7054e+01          8        7.054e-03     -9.838e+15
 7.05003   -9.84e-01       2.6518e+01          8        7.092e-03     -9.838e+15
 7.10467   -9.85e-01       2.5939e+01          8        7.135e-03     -9.838e+15
 7.15489   -9.85e-01       2.5421e+01          8        7.174e-03     -9.838e+15
 7.20053   -9.85e-01       2.4963e+01          8        7.209e-03     -9.838e+15
 7.25175   -9.85e-01       2.4461e+01          8        7.249e-03     -9.838e+15
 7.30352   -9.85e-01       2.3968e+01          8        7.289e-03     -9.838e+15
 7.35059   -9.86e-01       2.3531e+01          8        7.326e-03     -9.838e+15
 7.40342   -9.86e-01       2.3052e+01          8        7.366e-03     -9.838e+15
 7.45146   -9.86e-01       2.2629e+01          8        7.404e-03     -9.838e+15
 7.50540   -9.86e-01       2.2165e+01          8        7.445e-03     -9.838e+15
 7.55446   -9.86e-01       2.1755e+01          8        7.483e-03     -9.838e+15
 7.60401   -9.87e-01       2.1350e+01          8        7.521e-03     -9.838e+15
 7.65407   -9.87e-01       2.0951e+01          8        7.559e-03     -9.838e+15
 7.70464   -9.87e-01       2.0559e+01          8        7.598e-03     -9.838e+15
 7.75003   -9.87e-01       2.0215e+01          8        7.633e-03     -9.838e+15
 7.80159   -9.87e-01       1.9833e+01          8        7.673e-03     -9.838e+15
 7.85370   -9.87e-01       1.9457e+01          8        7.713e-03     -9.838e+15
 7.90048   -9.87e-01       1.9127e+01          8        7.748e-03     -9.838e+15
 7.95364   -9.88e-01       1.8761e+01          8        7.789e-03     -9.838e+15
 8.00137   -9.88e-01       1.8441e+01          8        7.825e-03     -9.838e+15
 8.05562   -9.88e-01       1.8086e+01          8        7.867e-03     -9.838e+15
 8.10435   -9.88e-01       1.7774e+01          8        7.904e-03     -9.838e+15
 8.15355   -9.88e-01       1.7467e+01          8        7.942e-03     -9.838e+15
 8.20324   -9.88e-01       1.7164e+01          8        7.979e-03     -9.838e+15
 8.25343   -9.88e-01       1.6864e+01          8        8.018e-03     -9.838e+15
 8.30412   -9.89e-01       1.6569e+01          8        8.056e-03     -9.838e+15
 8.35533   -9.89e-01       1.6278e+01          8        8.095e-03     -9.838e+15
 8.40057   -9.89e-01       1.6026e+01          8        8.129e-03     -9.838e+15
 8.45277   -9.89e-01       1.5742e+01          8        8.169e-03     -9.838e+15
 8.50552   -9.89e-01       1.5462e+01          8        8.209e-03     -9.838e+15
 8.55213   -9.89e-01       1.5219e+01          8        8.244e-03     -9.838e+15
 8.60592   -9.89e-01       1.4946e+01          8        8.285e-03     -9.838e+15
 8.65347   -9.90e-01       1.4710e+01          8        8.321e-03     -9.838e+15
 8.70146   -9.90e-01       1.4477e+01          8        8.357e-03     -9.838e+15
 8.75687   -9.90e-01       1.4213e+01          8        8.399e-03     -9.838e+15
 8.80585   -9.90e-01       1.3986e+01          8        8.436e-03     -9.838e+15
 8.85530   -9.90e-01       1.3761e+01          8        8.474e-03     -9.838e+15
 8.90524   -9.90e-01       1.3539e+01          8        8.511e-03     -9.838e+15
 8.95567   -9.90e-01       1.3319e+01          8        8.549e-03     -9.838e+15
 9.00660   -9.90e-01       1.3102e+01          8        8.588e-03     -9.838e+15
 9.05066   -9.90e-01       1.2918e+01          8        8.621e-03     -9.838e+15
 9.10255   -9.90e-01       1.2706e+01          8        8.660e-03     -9.838e+15
 9.15496   -9.91e-01       1.2497e+01          8        8.700e-03     -9.838e+15
 9.20031   -9.91e-01       1.2319e+01          8        8.734e-03     -9.838e+15
 9.25373   -9.91e-01       1.2114e+01          8        8.774e-03     -9.838e+15
 9.30771   -9.91e-01       1.1911e+01          8        8.815e-03     -9.838e+15
 9.35443   -9.91e-01       1.1739e+01          8        8.850e-03     -9.838e+15
 9.40157   -9.91e-01       1.1569e+01          8        8.885e-03     -9.838e+15
 9.45712   -9.91e-01       1.1373e+01          8        8.927e-03     -9.838e+15
 9.50521   -9.91e-01       1.1207e+01          8        8.963e-03     -9.838e+15
 9.55374   -9.91e-01       1.1042e+01          8        9.000e-03     -9.838e+15
 9.60274   -9.91e-01       1.0880e+01          8        9.036e-03     -9.838e+15
 9.65219   -9.92e-01       1.0718e+01          8        9.074e-03     -9.838e+15
 9.70212   -9.92e-01       1.0559e+01          8        9.111e-03     -9.838e+15
 9.75253   -9.92e-01       1.0401e+01          8        9.149e-03     -9.838e+15
 9.80344   -9.92e-01       1.0245e+01          8        9.187e-03     -9.838e+15
 9.85483   -9.92e-01       1.0090e+01          8        9.226e-03     -9.838e+15
 9.90674   -9.92e-01       9.9373e+00          8        9.265e-03     -9.838e+15
 9.95039   -9.92e-01       9.8110e+00          8        9.297e-03     -9.838e+15
10.00326   -9.92e-01       9.6609e+00          8        9.337e-03     -9.838e+15
10.05665   -9.92e-01       9.5123e+00          8        9.377e-03     -9.838e+15
10.10157   -9.92e-01       9.3898e+00          8        9.411e-03     -9.838e+15
10.15598   -9.92e-01       9.2441e+00          8        9.452e-03     -9.838e+15
10.20175   -9.92e-01       9.1238e+00          8        9.486e-03     -9.838e+15
10.25720   -9.92e-01       8.9809e+00          8        9.528e-03     -9.838e+15
10.30385   -9.93e-01       8.8629e+00          8        9.563e-03     -9.838e+15
10.35092   -9.93e-01       8.7460e+00          8        9.598e-03     -9.838e+15
10.40796   -9.93e-01       8.6070e+00          8        9.641e-03     -9.838e+15
10.45596   -9.93e-01       8.4924e+00          8        9.677e-03     -9.838e+15
10.50440   -9.93e-01       8.3787e+00          8        9.714e-03     -9.838e+15
10.55327   -9.93e-01       8.2661e+00          7        9.750e-03     -9.838e+15
10.60241   -9.93e-01       8.1548e+00          7        9.786e-03     -9.838e+15
10.65182   -9.93e-01       8.0450e+00          7        9.823e-03     -9.838e+15
10.70148   -9.93e-01       7.9365e+00          7        9.860e-03     -9.838e+15
10.75140   -9.93e-01       7.8295e+00          7        9.897e-03     -9.838e+15
10.80158   -9.93e-01       7.7238e+00          7        9.934e-03     -9.838e+15
10.85202   -9.93e-01       7.6194e+00          7        9.971e-03     -9.838e+15
10.90273   -9.93e-01       7.5164e+00          7        1.001e-02     -9.838e+15
10.95370   -9.93e-01       7.4147e+00          7        1.005e-02     -9.838e+15
11.00494   -9.93e-01       7.3144e+00          7        1.008e-02     -9.838e+15
11.05646   -9.93e-01       7.2152e+00          7        1.012e-02     -9.838e+15
11.10825   -9.94e-01       7.1174e+00          7        1.016e-02     -9.838e+15
11.16031   -9.94e-01       7.0208e+00          7        1.020e-02     -9.838e+15
11.20216   -9.94e-01       6.9444e+00          7        1.023e-02     -9.838e+15
11.25472   -9.94e-01       6.8500e+00          7        1.027e-02     -9.838e+15
11.30756   -9.94e-01       6.7569e+00          7        1.031e-02     -9.838e+15
11.35004   -9.94e-01       6.6832e+00          7        1.034e-02     -9.838e+15
11.40340   -9.94e-01       6.5921e+00          7        1.038e-02     -9.838e+15
11.45704   -9.94e-01       6.5023e+00          7        1.041e-02     -9.838e+15
11.50016   -9.94e-01       6.4312e+00          7        1.045e-02     -9.838e+15
11.55433   -9.94e-01       6.3434e+00          7        1.049e-02     -9.838e+15
11.60879   -9.94e-01       6.2567e+00          7        1.053e-02     -9.838e+15
11.65257   -9.94e-01       6.1881e+00          7        1.056e-02     -9.838e+15
11.70756   -9.94e-01       6.1034e+00          7        1.060e-02     -9.838e+15
11.75177   -9.94e-01       6.0364e+00          7        1.063e-02     -9.838e+15
11.80731   -9.94e-01       5.9537e+00          7        1.067e-02     -9.838e+15
11.85196   -9.94e-01       5.8882e+00          7        1.070e-02     -9.838e+15
11.90804   -9.94e-01       5.8073e+00          7        1.074e-02     -9.838e+15
11.95314   -9.94e-01       5.7434e+00          7        1.078e-02     -9.838e+15
12.00978   -9.94e-01       5.6644e+00          7        1.082e-02     -9.838e+15
12.05532   -9.95e-01       5.6019e+00          7        1.085e-02     -9.838e+15
12.10107   -9.95e-01       5.5401e+00          7        1.088e-02     -9.838e+15
12.15854   -9.95e-01       5.4636e+00          7        1.093e-02     -9.838e+15
12.20474   -9.95e-01       5.4032e+00          7        1.096e-02     -9.838e+15
12.25116   -9.95e-01       5.3434e+00          7        1.099e-02     -9.838e+15
12.30946   -9.95e-01       5.2695e+00          7        1.103e-02     -9.838e+15
12.35635   -9.95e-01       5.2111e+00          7        1.107e-02     -9.838e+15
12.40344   -9.95e-01       5.1533e+00          7        1.110e-02     -9.838e+15
12.45075   -9.95e-01       5.0961e+00          7        1.114e-02     -9.838e+15
12.51019   -9.95e-01       5.0253e+00          7        1.118e-02     -9.838e+15
12.55798   -9.95e-01       4.9694e+00          7        1.121e-02     -9.838e+15
12.60599   -9.95e-01       4.9141e+00          7        1.125e-02     -9.838e+15
12.65422   -9.95e-01       4.8593e+00          7        1.063e-02     -9.838e+15
12.70268   -9.95e-01       4.8051e+00          7        1.066e-02     -9.838e+15
12.75135   -9.95e-01       4.7514e+00          7        1.069e-02     -9.838e+15
12.80025   -9.95e-01       4.6983e+00          7        1.073e-02     -9.838e+15
12.86169   -9.95e-01       4.6327e+00          7        1.077e-02     -9.838e+15
12.91110   -9.95e-01       4.5808e+00          7        1.080e-02     -9.838e+15
12.96075   -9.95e-01       4.5295e+00          7        1.083e-02     -9.838e+15
13.01062   -9.95e-01       4.4787e+00          7        1.087e-02     -9.838e+15
13.06072   -9.95e-01       4.4284e+00          7        1.090e-02     -9.838e+15
13.11106   -9.95e-01       4.3786e+00          7        1.094e-02     -9.838e+15
13.16164   -9.95e-01       4.3293e+00          7        1.097e-02     -9.838e+15
13.21246   -9.95e-01       4.2806e+00          7        1.100e-02     -9.838e+15
13.25073   -9.95e-01       4.2443e+00          7        1.103e-02     -9.838e+15
13.30196   -9.95e-01       4.1964e+00          7        1.106e-02     -9.838e+15
13.35344   -9.96e-01       4.1490e+00          7        1.110e-02     -9.838e+15
13.40517   -9.96e-01       4.1021e+00          7        1.113e-02     -9.838e+15
13.45715   -9.96e-01       4.0557e+00          7        1.117e-02     -9.838e+15
13.50937   -9.96e-01       4.0098e+00          7        1.120e-02     -9.838e+15
13.56185   -9.96e-01       3.9643e+00          7        1.124e-02     -9.838e+15
13.60137   -9.96e-01       3.9305e+00          7        1.127e-02     -9.838e+15
13.65429   -9.96e-01       3.8859e+00          7        1.130e-02     -9.838e+15
13.70746   -9.96e-01       3.8417e+00          7        1.134e-02     -9.838e+15
13.76090   -9.96e-01       3.7979e+00          7        1.137e-02     -9.838e+15
13.80115   -9.96e-01       3.7654e+00          7        1.140e-02     -9.838e+15
13.85504   -9.96e-01       3.7225e+00          7        1.143e-02     -9.838e+15
13.90920   -9.96e-01       3.6799e+00          7        1.147e-02     -9.838e+15
13.96362   -9.96e-01       3.6379e+00          7        1.151e-02     -9.838e+15
14.00462   -9.96e-01       3.6066e+00          7        1.153e-02     -9.838e+15
14.05952   -9.96e-01       3.5653e+00          7        1.157e-02     -9.838e+15
14.10087   -9.96e-01       3.5346e+00          7        1.160e-02     -9.838e+15
14.15624   -9.96e-01       3.4940e+00          7        1.163e-02     -9.838e+15
14.21190   -9.96e-01       3.4539e+00          7        1.167e-02     -9.838e+15
14.25382   -9.96e-01       3.4240e+00          7        1.170e-02     -9.838e+15
14.30996   -9.96e-01       3.3846e+00          7        1.174e-02     -9.838e+15
14.35226   -9.96e-01       3.3553e+00          7        1.176e-02     -9.838e+15
14.40890   -9.96e-01       3.3165e+00          7        1.180e-02     -9.838e+15
14.45157   -9.96e-01       3.2878e+00          7        1.183e-02     -9.838e+15
14.50871   -9.96e-01       3.2497e+00          7        1.187e-02     -9.838e+15
14.55176   -9.96e-01       3.2215e+00          7        1.189e-02     -9.838e+15
14.60942   -9.96e-01       3.1841e+00          7        1.193e-02     -9.838e+15
14.65286   -9.96e-01       3.1564e+00          7        1.196e-02     -9.838e+15
14.71104   -9.96e-01       3.1197e+00          7        1.200e-02     -9.838e+15
14.75487   -9.96e-01       3.0925e+00          7        1.203e-02     -9.838e+15
14.81357   -9.96e-01       3.0564e+00          7        1.207e-02     -9.838e+15
14.85780   -9.96e-01       3.0297e+00          7        1.209e-02     -9.838e+15
14.90221   -9.96e-01       3.0031e+00          7        1.212e-02     -9.838e+15
14.96168   -9.96e-01       2.9680e+00          7        1.216e-02     -9.838e+15
15.00649   -9.96e-01       2.9420e+00          7        1.219e-02     -9.838e+15
15.05148   -9.96e-01       2.9161e+00          7        1.222e-02     -9.838e+15
15.11174   -9.96e-01       2.8819e+00          7        1.226e-02     -9.838e+15
15.15715   -9.97e-01       2.8565e+00          7        1.229e-02     -9.838e+15
15.20274   -9.97e-01       2.8313e+00          7        1.232e-02     -9.838e+15
15.26380   -9.97e-01       2.7980e+00          7        1.236e-02     -9.838e+15
15.30982   -9.97e-01       2.7732e+00          7        1.239e-02     -9.838e+15
15.35602   -9.97e-01       2.7487e+00          7        1.242e-02     -9.838e+15
15.40240   -9.97e-01       2.7243e+00          7        1.245e-02     -9.838e+15
15.46454   -9.97e-01       2.6921e+00          7        1.249e-02     -9.838e+15
15.51137   -9.97e-01       2.6681e+00          7        1.252e-02     -9.838e+15
15.55839   -9.97e-01       2.6444e+00          7        1.255e-02     -9.838e+15
15.60559   -9.97e-01       2.6208e+00          7        1.258e-02     -9.838e+15
15.65300   -9.97e-01       2.5975e+00          7        1.261e-02     -9.838e+15
15.70059   -9.97e-01       2.5743e+00          7        1.264e-02     -9.838e+15
15.76436   -9.97e-01       2.5436e+00          7        1.268e-02     -9.838e+15
15.81242   -9.97e-01       2.5208e+00          7        1.271e-02     -9.838e+15
15.86068   -9.97e-01       2.4982e+00          7        1.274e-02     -9.838e+15
15.90914   -9.97e-01       2.4758e+00          7        1.278e-02     -9.838e+15
15.95780   -9.97e-01       2.4536e+00          7        1.281e-02     -9.838e+15
16.00666   -9.97e-01       2.4315e+00          7        1.284e-02     -9.838e+15
16.05573   -9.97e-01       2.4096e+00          7        1.287e-02     -9.838e+15
16.10501   -9.97e-01       2.3878e+00          7        1.290e-02     -9.838e+15
16.15450   -9.97e-01       2.3663e+00          7        1.293e-02     -9.838e+15
16.20420   -9.97e-01       2.3449e+00          7        1.296e-02     -9.838e+15
16.25410   -9.97e-01       2.3236e+00          7        1.300e-02     -9.838e+15
16.30423   -9.97e-01       2.3026e+00          7        1.303e-02     -9.838e+15
16.35456   -9.97e-01       2.2817e+00          7        1.306e-02     -9.838e+15
16.40512   -9.97e-01       2.2609e+00          7        1.309e-02     -9.838e+15
16.45589   -9.97e-01       2.2404e+00          7        1.313e-02     -9.838e+15
16.50688   -9.97e-01       2.2199e+00          7        1.316e-02     -9.838e+15
16.55809   -9.97e-01       2.1997e+00          7        1.319e-02     -9.838e+15
16.60953   -9.97e-01       2.1796e+00          7        1.322e-02     -9.838e+15
16.66119   -9.97e-01       2.1596e+00          7        1.326e-02     -9.838e+15
16.71308   -9.97e-01       2.1399e+00          7        1.329e-02     -9.838e+15
16.76520   -9.97e-01       2.1202e+00          7        1.332e-02     -9.838e+15
16.80007   -9.97e-01       2.1072e+00          7        1.334e-02     -9.838e+15
16.85257   -9.97e-01       2.0879e+00          7        1.338e-02     -9.838e+15
16.90531   -9.97e-01       2.0686e+00          7        1.341e-02     -9.838e+15
16.95828   -9.97e-01       2.0496e+00          7        1.345e-02     -9.838e+15
17.01149   -9.97e-01       2.0306e+00          7        1.348e-02     -9.838e+15
17.06494   -9.97e-01       2.0118e+00          7        1.351e-02     -9.838e+15
17.10070   -9.97e-01       1.9994e+00          7        1.354e-02     -9.838e+15
17.15455   -9.97e-01       1.9809e+00          7        1.357e-02     -9.838e+15
17.20864   -9.97e-01       1.9625e+00          7        1.360e-02     -9.838e+15
17.26298   -9.97e-01       1.9442e+00          7        1.364e-02     -9.838e+15
17.31757   -9.97e-01       1.9261e+00          7        1.367e-02     -9.838e+15
17.35410   -9.97e-01       1.9142e+00          7        1.370e-02     -9.838e+15
17.40911   -9.97e-01       1.8963e+00          7        1.373e-02     -9.838e+15
17.46437   -9.97e-01       1.8786e+00          7        1.376e-02     -9.838e+15
17.50135   -9.97e-01       1.8668e+00          7        1.379e-02     -9.838e+15
17.55704   -9.97e-01       1.8493e+00          7        1.382e-02     -9.838e+15
17.61299   -9.97e-01       1.8320e+00          7        1.386e-02     -9.838e+15
17.65043   -9.97e-01       1.8205e+00          7        1.388e-02     -9.838e+15
17.70681   -9.97e-01       1.8033e+00          7        1.392e-02     -9.838e+15
17.76346   -9.97e-01       1.7863e+00          7        1.395e-02     -9.838e+15
17.80138   -9.97e-01       1.7751e+00          7        1.398e-02     -9.838e+15
17.85847   -9.97e-01       1.7583e+00          7        1.401e-02     -9.838e+15
17.91584   -9.98e-01       1.7417e+00          7        1.405e-02     -9.838e+15
17.95424   -9.98e-01       1.7306e+00          7        1.407e-02     -9.838e+15
18.01206   -9.98e-01       1.7142e+00          7        1.411e-02     -9.838e+15
18.05077   -9.98e-01       1.7033e+00          7        1.413e-02     -9.838e+15
18.10906   -9.98e-01       1.6871e+00          7        1.417e-02     -9.838e+15
18.16763   -9.98e-01       1.6710e+00          7        1.421e-02     -9.838e+15
18.20683   -9.98e-01       1.6604e+00          7        1.423e-02     -9.838e+15
18.26588   -9.98e-01       1.6445e+00          7        1.427e-02     -9.838e+15
18.30540   -9.98e-01       1.6340e+00          7        1.429e-02     -9.838e+15
18.36493   -9.98e-01       1.6183e+00          7        1.433e-02     -9.838e+15
18.40478   -9.98e-01       1.6079e+00          7        1.435e-02     -9.838e+15
18.46479   -9.98e-01       1.5925e+00          7        1.439e-02     -9.838e+15
18.50497   -9.98e-01       1.5822e+00          7        1.442e-02     -9.838e+15
18.56548   -9.98e-01       1.5670e+00          7        1.445e-02     -9.838e+15
18.60599   -9.98e-01       1.5569e+00          7        1.448e-02     -9.838e+15
18.66701   -9.98e-01       1.5418e+00          7        1.452e-02     -9.838e+15
18.70786   -9.98e-01       1.5318e+00          7        1.454e-02     -9.838e+15
18.76938   -9.98e-01       1.5170e+00          7        1.458e-02     -9.838e+15
18.81058   -9.98e-01       1.5071e+00          7        1.461e-02     -9.838e+15
18.85191   -9.98e-01       1.4973e+00          7        1.463e-02     -9.838e+15
18.91416   -9.98e-01       1.4828e+00          7        1.467e-02     -9.838e+15
18.95585   -9.98e-01       1.4731e+00          7        1.470e-02     -9.838e+15
19.01863   -9.98e-01       1.4587e+00          7        1.473e-02     -9.838e+15
19.06067   -9.98e-01       1.4492e+00          7        1.476e-02     -9.838e+15
19.10286   -9.98e-01       1.4397e+00          7        1.479e-02     -9.838e+15
19.16640   -9.98e-01       1.4255e+00          7        1.483e-02     -9.838e+15
19.20895   -9.98e-01       1.4162e+00          7        1.485e-02     -9.838e+15
19.25164   -9.98e-01       1.4069e+00          7        1.488e-02     -9.838e+15
19.31596   -9.98e-01       1.3930e+00          7        1.492e-02     -9.838e+15
19.35903   -9.98e-01       1.3838e+00          7        1.495e-02     -9.838e+15
19.40225   -9.98e-01       1.3747e+00          7        1.497e-02     -9.838e+15
19.46736   -9.98e-01       1.3610e+00          7        1.501e-02     -9.838e+15
19.51096   -9.98e-01       1.3520e+00          7        1.504e-02     -9.838e+15
19.55471   -9.98e-01       1.3430e+00          7        1.507e-02     -9.838e+15
19.62063   -9.98e-01       1.3297e+00          7        1.511e-02     -9.838e+15
19.66477   -9.98e-01       1.3208e+00          7        1.513e-02     -9.838e+15
19.70907   -9.98e-01       1.3120e+00          7        1.516e-02     -9.838e+15
19.75353   -9.98e-01       1.3033e+00          7        1.519e-02     -9.838e+15
19.82052   -9.98e-01       1.2902e+00          7        1.523e-02     -9.838e+15
19.86538   -9.98e-01       1.2816e+00          7        1.526e-02     -9.838e+15
19.91040   -9.98e-01       1.2730e+00          7        1.529e-02     -9.838e+15
19.95559   -9.98e-01       1.2644e+00          7        1.531e-02     -9.838e+15
20.00094   -9.98e-01       1.2559e+00          7        1.534e-02     -9.838e+15
20.00094   -9.98e-01       1.2559e+00          7        1.534e-02     -9.838e+15   <-- front at the truncation: stop (delta > 4/k_max)
energy drift over the run: 1.0e+00   (1.4s)  (nu > 0: physical dissipation, not drift)
reliable window: t in [0.3358, 20.0009] (6549 samples)
exponential fit  delta = 0.00221 exp(-t/-7.6921)   relative rms residual 0.3801
linear fit       delta = -0.000638 (-3.8775 - t)     relative rms residual 1.5260   -> t* = -3.8775
second half only: exponential tau = -21.0039;  linear t* = -6.3127
local decay rate -d log(delta)/dt at start / middle / end of window: 7.824 / -0.331 / -0.040  (rising = approaching a singularity)
VERDICT: delta is growing again at the end of the window: the front has stalled, no singularity
