IC=tg  N=96^3  nu=0  2dx = 0.1309   delta sampled every 0.05
   t     delta (n=0 fixed)   delta_free   n_free   E/E0
 0.00   -0.0100              -0.3108      +13.81    1.00000000   <-- below 2dx
 0.05   -0.0097              -0.2914      +12.93    1.00000000   <-- below 2dx
 0.10   -0.0005              -0.3613      +16.55    1.00000000   <-- below 2dx
 0.15   0.0951              -1.5124      +73.77    1.00000000   <-- below 2dx
 0.20   0.2666              -2.8455      +142.82    1.00000000
 0.25   0.4711              -3.7326      +192.91    1.00000000
 0.30   0.6800              -3.7888      +205.08    1.00000000
 0.35   0.8734              -3.1021      +182.44    1.00000000
 0.40   1.0310              -1.8316      +131.37    1.00000000
 0.45   1.1264              -0.3130      +66.06    1.00000000
 0.50   1.1378              0.7396      +18.27    1.00000000
 0.55   1.0693              0.9073      +7.44    1.00000000
 0.60   0.9896              0.8395      +6.89    1.00000000
 0.65   0.9171              0.7701      +6.75    1.00000000
 0.70   0.8512              0.7054      +6.69    1.00000000
 0.75   0.7911              0.6455      +6.68    1.00000000
 0.80   0.7362              0.5900      +6.71    1.00000000
 0.85   0.6857              0.5386      +6.75    1.00000000
 0.90   0.6393              0.4908      +6.82    1.00000000
 0.95   0.5965              0.4461      +6.90    1.00000000
 1.00   0.5570              0.4043      +7.01    1.00000000
 1.05   0.5205              0.3651      +7.13    1.00000000
 1.10   0.4867              0.3283      +7.27    1.00000000
 1.15   0.4553              0.2937      +7.42    1.00000000
 1.20   0.4263              0.2612      +7.58    1.00000000
 1.25   0.3994              0.2307      +7.74    1.00000000
 1.30   0.3745              0.2021      +7.91    1.00000000
 1.35   0.3513              0.1754      +8.07    1.00000000
 1.40   0.3299              0.1506      +8.23    1.00000000
 1.45   0.3101              0.1277      +8.37    1.00000000
 1.50   0.2917              0.1065      +8.50    1.00000000
 1.55   0.2747              0.0872      +8.61    1.00000000
 1.60   0.2591              0.0696      +8.69    1.00000000
 1.65   0.2446              0.0538      +8.76    1.00000000
 1.70   0.2312              0.0395      +8.80    1.00000000
 1.75   0.2189              0.0267      +8.82    1.00000000
 1.80   0.2075              0.0152      +8.83    1.00000000
 1.85   0.1970              0.0047      +8.82    1.00000000
 1.90   0.1873              -0.0049      +8.82    1.00000000
 1.95   0.1784              -0.0138      +8.82    1.00000000
 2.00   0.1702              -0.0224      +8.84    1.00000000
 2.05   0.1625              -0.0308      +8.87    1.00000000
 2.10   0.1554              -0.0390      +8.92    1.00000000
 2.15   0.1489              -0.0472      +9.00    1.00000000
 2.20   0.1429              -0.0552      +9.09    1.00000000
 2.25   0.1373              -0.0631      +9.19    1.00000000
 2.30   0.1321              -0.0706      +9.30    1.00000000
 2.35   0.1274              -0.0776      +9.41    1.00000000   <-- below 2dx
reliable window used for the fits: t in [0.20, 2.30] (43 samples), 376s
exponential fit  delta = 1.292 exp(-t/1.026)   relative rms residual 0.2880
linear fit       delta = 0.415 (2.393 - t)     relative rms residual 0.3551   -> t* = 2.393
second half only: exponential tau = 0.945;  linear t* = 2.721
local decay rate -d log(delta)/dt at start / end of window: -11.383 / 0.765  (constant = exponential; rising toward 1/(t*-t) = linear)
VERDICT: exponential decay fits better: no finite-time singularity indicated inside the window
