IC=tg  N=48^3  nu=0  2dx = 0.2618   delta sampled every 0.05
   t     delta (n=0 fixed)   delta_free   n_free   E/E0
 0.00   0.0131              -0.9759      +22.20    1.00000000   <-- below 2dx
 0.05   2.4962              -7.9884      +235.37    1.00000000
 0.10   2.7391              1.8178      +20.68    1.00000000
 0.15   2.3649              1.9956      +8.29    1.00000000
 0.20   2.1035              1.8623      +5.42    1.00000000
 0.25   1.9066              1.7393      +3.75    1.00000000
 0.30   1.7467              1.6001      +3.29    1.00000000
 0.35   1.6118              1.4505      +3.62    1.00000000
 0.40   1.4946              1.3013      +4.34    1.00000000
 0.45   1.3908              1.1601      +5.18    1.00000000
 0.50   1.2976              1.0305      +6.00    1.00000000
 0.55   1.2133              0.9132      +6.74    1.00000000
 0.60   1.1364              0.8075      +7.38    1.00000000
 0.65   1.0660              0.7120      +7.95    1.00000000
 0.70   1.0014              0.6254      +8.44    1.00000000
 0.75   0.9420              0.5464      +8.88    1.00000000
 0.80   0.8871              0.4740      +9.27    1.00000000
 0.85   0.8363              0.4071      +9.63    1.00000000
 0.90   0.7892              0.3450      +9.97    1.00000000
 0.95   0.7455              0.2869      +10.30    1.00000000
 1.00   0.7049              0.2321      +10.61    1.00000000
 1.05   0.6670              0.1802      +10.93    1.00000000
 1.10   0.6316              0.1307      +11.25    1.00000000
 1.15   0.5987              0.0833      +11.57    1.00000000
 1.20   0.5678              0.0376      +11.90    1.00000000
 1.25   0.5390              -0.0064      +12.25    1.00000000
 1.30   0.5121              -0.0491      +12.60    1.00000000
 1.35   0.4870              -0.0904      +12.96    1.00000000
 1.40   0.4635              -0.1305      +13.33    1.00000000
 1.45   0.4416              -0.1693      +13.71    1.00000000
 1.50   0.4211              -0.2068      +14.10    1.00000000
 1.55   0.4021              -0.2430      +14.48    1.00000000
 1.60   0.3845              -0.2778      +14.87    1.00000000
 1.65   0.3682              -0.3111      +15.25    1.00000000
 1.70   0.3531              -0.3430      +15.63    1.00000000
 1.75   0.3392              -0.3733      +16.00    1.00000000
 1.80   0.3264              -0.4021      +16.35    1.00000000
 1.85   0.3147              -0.4292      +16.70    1.00000000
 1.90   0.3040              -0.4548      +17.03    1.00000000
 1.95   0.2942              -0.4788      +17.35    1.00000000
 2.00   0.2853              -0.5013      +17.66    1.00000000
 2.05   0.2771              -0.5224      +17.95    1.00000000
 2.10   0.2696              -0.5420      +18.22    1.00000000
 2.15   0.2628              -0.5603      +18.48    1.00000000
 2.20   0.2565              -0.5772      +18.72    1.00000000   <-- below 2dx
reliable window used for the fits: t in [0.15, 2.15] (41 samples), 27s
exponential fit  delta = 2.219 exp(-t/0.933)   relative rms residual 0.0806
linear fit       delta = 0.846 (2.094 - t)     relative rms residual 0.2726   -> t* = 2.094
second half only: exponential tau = 1.202;  linear t* = 2.842
local decay rate -d log(delta)/dt at start / end of window: 2.342 / 0.514  (constant = exponential; rising toward 1/(t*-t) = linear)
VERDICT: exponential decay fits better: no finite-time singularity indicated inside the window
