IC=tg  N=64^3  nu=0  2dx = 0.1963   delta sampled every 0.05
   t     delta (n=0 fixed)   delta_free   n_free   E/E0
 0.00   -0.0273              0.3887      -12.14    1.00000000   <-- below 2dx
 0.05   0.7484              -5.5521      +183.88    1.00000000
 0.10   1.4611              -4.7405      +180.99    1.00000000
 0.15   1.8174              -1.5624      +98.64    1.00000000
 0.20   1.9406              1.0157      +26.99    1.00000000
 0.25   1.8507              1.8330      +0.52    1.00000000
 0.30   1.6959              1.6631      +0.96    1.00000000
 0.35   1.5589              1.4759      +2.42    1.00000000
 0.40   1.4374              1.3003      +4.00    1.00000000
 0.45   1.3289              1.1438      +5.40    1.00000000
 0.50   1.2316              1.0077      +6.53    1.00000000
 0.55   1.1440              0.8901      +7.41    1.00000000
 0.60   1.0649              0.7876      +8.09    1.00000000
 0.65   0.9930              0.6976      +8.62    1.00000000
 0.70   0.9276              0.6177      +9.04    1.00000000
 0.75   0.8678              0.5462      +9.39    1.00000000
 0.80   0.8130              0.4819      +9.66    1.00000000
 0.85   0.7627              0.4238      +9.89    1.00000000
 0.90   0.7163              0.3713      +10.07    1.00000000
 0.95   0.6736              0.3239      +10.21    1.00000000
 1.00   0.6343              0.2811      +10.31    1.00000000
 1.05   0.5979              0.2425      +10.37    1.00000000
 1.10   0.5643              0.2080      +10.40    1.00000000
 1.15   0.5332              0.1772      +10.39    1.00000000
 1.20   0.5045              0.1500      +10.35    1.00000000
 1.25   0.4780              0.1262      +10.27    1.00000000
 1.30   0.4534              0.1057      +10.15    1.00000000
 1.35   0.4308              0.0883      +10.00    1.00000000
 1.40   0.4098              0.0738      +9.81    1.00000000
 1.45   0.3905              0.0623      +9.58    1.00000000
 1.50   0.3727              0.0534      +9.32    1.00000000
 1.55   0.3562              0.0472      +9.02    1.00000000
 1.60   0.3411              0.0434      +8.69    1.00000000
 1.65   0.3272              0.0420      +8.32    1.00000000
 1.70   0.3144              0.0428      +7.93    1.00000000
 1.75   0.3026              0.0455      +7.50    1.00000000
 1.80   0.2919              0.0501      +7.06    1.00000000
 1.85   0.2821              0.0562      +6.59    1.00000000
 1.90   0.2731              0.0635      +6.12    1.00000000
 1.95   0.2649              0.0717      +5.64    1.00000000
 2.00   0.2574              0.0803      +5.17    1.00000000
 2.05   0.2505              0.0886      +4.72    1.00000000
 2.10   0.2442              0.0962      +4.32    1.00000000
 2.15   0.2384              0.1022      +3.97    1.00000000
 2.20   0.2329              0.1061      +3.70    1.00000000
 2.25   0.2277              0.1071      +3.52    1.00000000
 2.30   0.2228              0.1049      +3.44    1.00000000
 2.35   0.2181              0.0994      +3.47    1.00000000
 2.40   0.2136              0.0904      +3.60    1.00000000
 2.45   0.2093              0.0783      +3.82    1.00000000
 2.50   0.2052              0.0635      +4.14    1.00000000
 2.55   0.2013              0.0464      +4.52    1.00000000
 2.60   0.1976              0.0277      +4.96    1.00000000
 2.65   0.1940              0.0075      +5.44    1.00000000   <-- below 2dx
reliable window used for the fits: t in [0.15, 2.60] (50 samples), 135s
exponential fit  delta = 1.839 exp(-t/1.039)   relative rms residual 0.1331
linear fit       delta = 0.616 (2.410 - t)     relative rms residual 0.3457   -> t* = 2.410
second half only: exponential tau = 1.686;  linear t* = 3.652
local decay rate -d log(delta)/dt at start / end of window: -1.312 / 0.373  (constant = exponential; rising toward 1/(t*-t) = linear)
VERDICT: exponential decay fits better: no finite-time singularity indicated inside the window
